 # Electron energy (eV)  cross-section (a.u.)
           1.0000000000          0.0000000123
           1.0400000000          0.0000000119
           1.0800000000          0.0000000115
           1.1200000000          0.0000000111
           1.1600000000          0.0000000106
           1.2000000000          0.0000000102
           1.2400000000          0.0000000097
           1.2800000000          0.0000000091
           1.3200000000          0.0000000085
           1.3600000000          0.0000000078
           1.4000000000          0.0000000070
           1.4400000000          0.0000000062
           1.4800000000          0.0000000052
           1.5200000000          0.0000000041
           1.5600000000          0.0000000030
           1.6000000000          0.0000000020
           1.6400000000          0.0000000017
           1.6800000000          0.0000000032
           1.7200000000          0.0000000094
           1.7600000000          0.0000000279
           1.8000000000          0.0000000801
           1.8400000000          0.0000002329
           1.8800000000          0.0000007198
           1.9200000000          0.0000023935
           1.9600000000          0.0000072293
           2.0000000000          0.0000134756
           2.0400000000          0.0000183290
           2.0800000000          0.0000283105
           2.1200000000          0.0000576402
           2.1600000000          0.0001479711
           2.2000000000          0.0003439988
           2.2400000000          0.0005309251
           2.2800000000          0.0007736084
           2.3200000000          0.0014122923
           2.3600000000          0.0033091989
           2.4000000000          0.0083396003
           2.4400000000          0.0145814151
           2.4800000000          0.0178671837
           2.5200000000          0.0234969290
           2.5600000000          0.0386433348
           2.6000000000          0.0752341996
           2.6400000000          0.1258582382
           2.6800000000          0.1333848810
           2.7200000000          0.1250156053
           2.7600000000          0.1389287189
           2.8000000000          0.1876276403
           2.8400000000          0.2500252434
           2.8800000000          0.2194105807
           2.9200000000          0.1409541020
           2.9600000000          0.0948885933
           3.0000000000          0.0717333037
           3.0400000000          0.0500748279
           3.0800000000          0.0184889042
           3.1200000000          0.0016882078
           3.1600000000          0.0019179455
           3.2000000000          0.0107804515
           3.2400000000          0.0282364140
           3.2800000000          0.0424135514
           3.3200000000          0.0354773689
           3.3600000000          0.0240894322
           3.4000000000          0.0159656755
           3.4400000000          0.0087539108
           3.4800000000          0.0019017535
           3.5200000000          0.0003756589
           3.5600000000          0.0026110768
           3.6000000000          0.0059426965
           3.6400000000          0.0096043080
           3.6800000000          0.0098860584
           3.7200000000          0.0054512253
           3.7600000000          0.0019002584
           3.8000000000          0.0003062484
           3.8400000000          0.0002303229
           3.8800000000          0.0014292152
           3.9200000000          0.0022064362
           3.9600000000          0.0020627533
           4.0000000000          0.0015827192
           4.0400000000          0.0008657537
           4.0800000000          0.0001631762
           4.1200000000          0.0000648480
           4.1600000000          0.0003219629
           4.2000000000          0.0006153186
           4.2400000000          0.0007419462
           4.2800000000          0.0004693764
           4.3200000000          0.0001286702
           4.3600000000          0.0000126897
           4.4000000000          0.0000692010
           4.4400000000          0.0002036118
           4.4800000000          0.0002281229
           4.5200000000          0.0001324029
           4.5600000000          0.0000445362
           4.6000000000          0.0000066033
           4.6400000000          0.0000300431
           4.6800000000          0.0000628697
           4.7200000000          0.0000599726
           4.7600000000          0.0000364195
           4.8000000000          0.0000100975
           4.8400000000          0.0000040699
           4.8800000000          0.0000151760
           4.9200000000          0.0000223217
           4.9600000000          0.0000189284
           5.0000000000          0.0000070857
