1.0000000000	0.0000000166
1.0400000000	0.0000000186
1.0800000000	0.0000000209
1.1200000000	0.0000000236
1.1600000000	0.0000000269
1.2000000000	0.0000000308
1.2400000000	0.0000000356
1.2800000000	0.0000000414
1.3200000000	0.0000000487
1.3600000000	0.0000000577
1.4000000000	0.0000000691
1.4400000000	0.0000000838
1.4800000000	0.0000001030
1.5200000000	0.0000001287
1.5600000000	0.0000001636
1.6000000000	0.0000002123
1.6400000000	0.0000002825
1.6800000000	0.0000003870
1.7200000000	0.0000005497
1.7600000000	0.0000008165
1.8000000000	0.0000012834
1.8400000000	0.0000021673
1.8800000000	0.0000039863
1.9200000000	0.0000078064
1.9600000000	0.0000132271
2.0000000000	0.0000125390
2.0400000000	0.0000073170
2.0800000000	0.0000036699
2.1200000000	0.0000019016
2.1600000000	0.0000041688
2.2000000000	0.0000182499
2.2400000000	0.0000396006
2.2800000000	0.0000651697
2.3200000000	0.0001203502
2.3600000000	0.0002738281
2.4000000000	0.0006710292
2.4400000000	0.0011692285
2.4800000000	0.0014765206
2.5200000000	0.0020713274
2.5600000000	0.0037478828
2.6000000000	0.0082377280
2.6400000000	0.0158917904
2.6800000000	0.0197530124
2.7200000000	0.0220240837
2.7600000000	0.0295293682
2.8000000000	0.0488690727
2.8400000000	0.0813329512
2.8800000000	0.0913329912
2.9200000000	0.0775363086
2.9600000000	0.0723877372
3.0000000000	0.0820633142
3.0400000000	0.0989412869
3.0800000000	0.0858657308
3.1200000000	0.0488092774
3.1600000000	0.0255393110
3.2000000000	0.0133577529
3.2400000000	0.0050369202
3.2800000000	0.0003039629
3.3200000000	0.0018536308
3.3600000000	0.0056879457
3.4000000000	0.0105877669
3.4400000000	0.0167751081
3.4800000000	0.0184543268
3.5200000000	0.0117709160
3.5600000000	0.0056742223
3.6000000000	0.0022129092
3.6400000000	0.0003468891
3.6800000000	0.0003365738
3.7200000000	0.0016343862
3.7600000000	0.0026035187
3.8000000000	0.0032181788
3.8400000000	0.0033749613
3.8800000000	0.0022512794
3.9200000000	0.0006974553
3.9600000000	0.0000611635
4.0000000000	0.0001085288
4.0400000000	0.0005857452
4.0800000000	0.0010264992
4.1200000000	0.0008828066
4.1600000000	0.0005311557
4.2000000000	0.0002333794
4.2400000000	0.0000366653
4.2800000000	0.0000363597
4.3200000000	0.0001478942
4.3600000000	0.0002208089
4.4000000000	0.0002318146
4.4400000000	0.0001559155
4.4800000000	0.0000407370
4.5200000000	0.0000034511
4.5600000000	0.0000286095
4.6000000000	0.0000730510
4.6400000000	0.0000863577
4.6800000000	0.0000471419
4.7200000000	0.0000116043
4.7600000000	0.0000016967
4.8000000000	0.0000136532
4.8400000000	0.0000269409
4.8800000000	0.0000221834
4.9200000000	0.0000105403
4.9600000000	0.0000020226
