1.0000000000	0.0020840963
1.0400000000	0.0021361161
1.0800000000	0.0022066767
1.1200000000	0.0022993956
1.1600000000	0.0024191822
1.2000000000	0.0025727261
1.2400000000	0.0027692219
1.2800000000	0.0030214643
1.3200000000	0.0033475316
1.3600000000	0.0037734327
1.4000000000	0.0043373655
1.4400000000	0.0050967539
1.4800000000	0.0061402259
1.5200000000	0.0076086851
1.5600000000	0.0097337933
1.6000000000	0.0129112983
1.6400000000	0.0178477285
1.6800000000	0.0258708831
1.7200000000	0.0396316458
1.7600000000	0.0648168271
1.8000000000	0.1147144702
1.8400000000	0.2235693295
1.8800000000	0.4880908241
1.9200000000	1.1736088827
1.9600000000	2.5517931271
2.0000000000	3.3075203586
2.0400000000	2.9210216243
2.0800000000	2.6314449263
2.1200000000	2.6886515927
2.1600000000	2.8366099714
2.2000000000	2.0779167150
2.2400000000	0.7105359890
2.2800000000	0.2269439204
2.3200000000	0.4110712181
2.3600000000	1.1943359461
2.4000000000	2.6610404968
2.4400000000	3.1548521250
2.4800000000	2.0881880347
2.5200000000	1.1610423464
2.5600000000	0.5863617459
2.6000000000	0.2806643843
2.6400000000	0.4459809771
2.6800000000	0.8508719390
2.7200000000	1.0022930431
2.7600000000	1.0215988070
2.8000000000	0.9529604621
2.8400000000	0.6359858391
2.8800000000	0.2192618042
2.9200000000	0.1745320762
2.9600000000	0.3347788824
3.0000000000	0.5599223542
3.0400000000	0.7156603505
3.0800000000	0.4868782505
3.1200000000	0.1626992734
3.1600000000	0.0756330575
3.2000000000	0.1501300758
3.2400000000	0.3162110539
3.2800000000	0.3696162690
3.3200000000	0.2065600502
3.3600000000	0.0801697019
3.4000000000	0.0493718576
3.4400000000	0.1013048071
3.4800000000	0.1716364417
3.5200000000	0.1403021560
3.5600000000	0.0757649003
3.6000000000	0.0386716134
3.6400000000	0.0399975387
3.6800000000	0.0701863213
3.7200000000	0.0731416105
3.7600000000	0.0509747334
3.8000000000	0.0310650859
3.8400000000	0.0238913798
3.8800000000	0.0320698671
3.9200000000	0.0361021364
3.9600000000	0.0296540620
4.0000000000	0.0213299154
4.0400000000	0.0163625295
4.0800000000	0.0175479177
4.1200000000	0.0189219196
4.1600000000	0.0168772634
4.2000000000	0.0135917354
4.2400000000	0.0110909280
4.2800000000	0.0107935062
4.3200000000	0.0108869051
4.3600000000	0.0099950912
4.4000000000	0.0086047699
4.4400000000	0.0074311413
4.4800000000	0.0070285228
4.5200000000	0.0067859656
4.5600000000	0.0062750127
4.6000000000	0.0056053421
4.6400000000	0.0050386412
4.6800000000	0.0047410988
4.7200000000	0.0044871055
4.7600000000	0.0041637542
4.8000000000	0.0038025690
4.8400000000	0.0035065975
4.8800000000	0.0032997761
4.9200000000	0.0031049971
4.9600000000	0.0028954529
