1.0000000000	0.9579221546
1.0400000000	0.9812021921
1.0800000000	1.0088559205
1.1200000000	1.0412975685
1.1600000000	1.0790553246
1.2000000000	1.1227949594
1.2400000000	1.1733521391
1.2800000000	1.2317765835
1.3200000000	1.2993927732
1.3600000000	1.3778843241
1.4000000000	1.4694129763
1.4400000000	1.5767894087
1.4800000000	1.7037236034
1.5200000000	1.8552006789
1.5600000000	2.0380606075
1.6000000000	2.2619202872
1.6400000000	2.5406913348
1.6800000000	2.8951739893
1.7200000000	3.3576652614
1.7600000000	3.9804226806
1.8000000000	4.8512827287
1.8400000000	6.1190423268
1.8800000000	7.9980916670
1.9200000000	10.4127062542
1.9600000000	10.8129075584
2.0000000000	6.1238700025
2.0400000000	3.2588427064
2.0800000000	3.9898822452
2.1200000000	7.1763490349
2.1600000000	12.4176891114
2.2000000000	14.1087339918
2.2400000000	7.7129871435
2.2800000000	3.1325646787
2.3200000000	2.2064312417
2.3600000000	4.1600995923
2.4000000000	8.5436299177
2.4400000000	9.3287352943
2.4800000000	5.3749487355
2.5200000000	2.5738163121
2.5600000000	1.6335919965
2.6000000000	2.6148804105
2.6400000000	4.8612134791
2.6800000000	4.6157472506
2.7200000000	2.9181298681
2.7600000000	1.6999452817
2.8000000000	1.2595529971
2.8400000000	1.8616612684
2.8800000000	2.5265024743
2.9200000000	2.1188433996
2.9600000000	1.4841360022
3.0000000000	1.0330657903
3.0400000000	0.9554527888
3.0800000000	1.2432030670
3.1200000000	1.2573750618
3.1600000000	1.0293806898
3.2000000000	0.7945776428
3.2400000000	0.6573121764
3.2800000000	0.6974322010
3.3200000000	0.7307990073
3.3600000000	0.6576930116
3.4000000000	0.5554043244
3.4400000000	0.4714204854
3.4800000000	0.4498025557
3.5200000000	0.4527654260
3.5600000000	0.4235537533
3.6000000000	0.3784155073
3.6400000000	0.3348388860
3.6800000000	0.3108928056
3.7200000000	0.3014332449
3.7600000000	0.2847501695
3.8000000000	0.2622663675
3.8400000000	0.2393630033
3.8800000000	0.2226258726
3.9200000000	0.2121069776
3.9600000000	0.2006993827
4.0000000000	0.1877804766
4.0400000000	0.1747615067
4.0800000000	0.1638823448
4.1200000000	0.1554757877
4.1600000000	0.1473687373
4.2000000000	0.1391135740
4.2400000000	0.1310253953
4.2800000000	0.1238390230
4.3200000000	0.1176721290
4.3600000000	0.1118705428
4.4000000000	0.1062395567
4.4400000000	0.1008375742
4.4800000000	0.0959031272
4.5200000000	0.0914388879
4.5600000000	0.0872432025
4.6000000000	0.0832408756
4.6400000000	0.0794419354
4.6800000000	0.0759195070
4.7200000000	0.0726478584
4.7600000000	0.0695619899
4.8000000000	0.0666315646
4.8400000000	0.0638595899
4.8800000000	0.0612615572
4.9200000000	0.0588169396
4.9600000000	0.0565024130
