 # Electron energy (eV)  cross-section (a.u.)
           1.0000000000          0.0000000101
           1.0400000000          0.0000000099
           1.0800000000          0.0000000097
           1.1200000000          0.0000000094
           1.1600000000          0.0000000092
           1.2000000000          0.0000000089
           1.2400000000          0.0000000086
           1.2800000000          0.0000000084
           1.3200000000          0.0000000081
           1.3600000000          0.0000000078
           1.4000000000          0.0000000074
           1.4400000000          0.0000000070
           1.4800000000          0.0000000066
           1.5200000000          0.0000000062
           1.5600000000          0.0000000061
           1.6000000000          0.0000000073
           1.6400000000          0.0000000132
           1.6800000000          0.0000000351
           1.7200000000          0.0000001118
           1.7600000000          0.0000003831
           1.8000000000          0.0000013905
           1.8400000000          0.0000054514
           1.8800000000          0.0000236639
           1.9200000000          0.0001128168
           1.9600000000          0.0004894821
           2.0000000000          0.0012868872
           2.0400000000          0.0023711465
           2.0800000000          0.0046595722
           2.1200000000          0.0111203091
           2.1600000000          0.0304779028
           2.2000000000          0.0688438731
           2.2400000000          0.0948260612
           2.2800000000          0.1149962324
           2.3200000000          0.1656168610
           2.3600000000          0.2942300892
           2.4000000000          0.5457164587
           2.4400000000          0.6856309893
           2.4800000000          0.5907218106
           2.5200000000          0.5339401408
           2.5600000000          0.5874840082
           2.6000000000          0.7388993462
           2.6400000000          0.7607384641
           2.6800000000          0.4618785079
           2.7200000000          0.2211621064
           2.7600000000          0.1021591536
           2.8000000000          0.0364571174
           2.8400000000          0.0065426846
           2.8800000000          0.0329718367
           2.9200000000          0.0737901920
           2.9600000000          0.1092162428
           3.0000000000          0.1529453507
           3.0400000000          0.1929587106
           3.0800000000          0.1512170767
           3.1200000000          0.0647982352
           3.1600000000          0.0183361959
           3.2000000000          0.0024931810
           3.2400000000          0.0098553232
           3.2800000000          0.0357188209
           3.3200000000          0.0462425840
           3.3600000000          0.0411074279
           3.4000000000          0.0331534558
           3.4400000000          0.0218886158
           3.4800000000          0.0067140076
           3.5200000000          0.0009523651
           3.5600000000          0.0045076136
           3.6000000000          0.0107503779
           3.6400000000          0.0168709375
           3.6800000000          0.0156960865
           3.7200000000          0.0070229058
           3.7600000000          0.0015559827
           3.8000000000          0.0003753893
           3.8400000000          0.0023308838
           3.8800000000          0.0052169907
           3.9200000000          0.0049129458
           3.9600000000          0.0029324101
           4.0000000000          0.0012163204
           4.0400000000          0.0002522470
           4.0800000000          0.0005370516
           4.1200000000          0.0012413082
           4.1600000000          0.0014185785
           4.2000000000          0.0011655479
           4.2400000000          0.0005951772
           4.2800000000          0.0001236910
           4.3200000000          0.0001714824
           4.3600000000          0.0004012124
           4.4000000000          0.0005470002
           4.4400000000          0.0004413227
           4.4800000000          0.0001526379
           4.5200000000          0.0000387690
           4.5600000000          0.0000991808
           4.6000000000          0.0002045260
           4.6400000000          0.0002085759
           4.6800000000          0.0000936658
           4.7200000000          0.0000237782
           4.7600000000          0.0000320704
           4.8000000000          0.0000779544
           4.8400000000          0.0000830928
           4.8800000000          0.0000416295
           4.9200000000          0.0000133954
           4.9600000000          0.0000149853
           5.0000000000          0.0000322524
