 # Electron energy (eV)  cross-section (a.u.)
           1.0000000000          0.0000002871
           1.0400000000          0.0000002989
           1.0800000000          0.0000003136
           1.1200000000          0.0000003316
           1.1600000000          0.0000003533
           1.2000000000          0.0000003791
           1.2400000000          0.0000004096
           1.2800000000          0.0000004451
           1.3200000000          0.0000004856
           1.3600000000          0.0000005307
           1.4000000000          0.0000005788
           1.4400000000          0.0000006263
           1.4800000000          0.0000006660
           1.5200000000          0.0000006849
           1.5600000000          0.0000006614
           1.6000000000          0.0000005636
           1.6400000000          0.0000003601
           1.6800000000          0.0000000831
           1.7200000000          0.0000001061
           1.7600000000          0.0000022877
           1.8000000000          0.0000147984
           1.8400000000          0.0000739755
           1.8800000000          0.0003523765
           1.9200000000          0.0016971533
           1.9600000000          0.0070687279
           2.0000000000          0.0172465467
           2.0400000000          0.0288016879
           2.0800000000          0.0504215678
           2.1200000000          0.1057939360
           2.1600000000          0.2521903094
           2.2000000000          0.4907856666
           2.2400000000          0.5771264975
           2.2800000000          0.5917751034
           2.3200000000          0.7127190494
           2.3600000000          1.0447188522
           2.4000000000          1.5713651428
           2.4400000000          1.5643399314
           2.4800000000          1.0337601817
           2.5200000000          0.6829478762
           2.5600000000          0.5086741580
           2.6000000000          0.3783188823
           2.6400000000          0.1744918941
           2.6800000000          0.0263340564
           2.7200000000          0.0277793699
           2.7600000000          0.1013515064
           2.8000000000          0.2450570725
           2.8400000000          0.4336860634
           2.8800000000          0.4204421906
           2.9200000000          0.2569052461
           2.9600000000          0.1393083491
           3.0000000000          0.0651062202
           3.0400000000          0.0162637002
           3.0800000000          0.0174546887
           3.1200000000          0.0522939858
           3.1600000000          0.0794504152
           3.2000000000          0.1006569007
           3.2400000000          0.1084037518
           3.2800000000          0.0689978609
           3.3200000000          0.0182517304
           3.3600000000          0.0026312837
           3.4000000000          0.0096777032
           3.4400000000          0.0310853209
           3.4800000000          0.0473466993
           3.5200000000          0.0343546872
           3.5600000000          0.0161417687
           3.6000000000          0.0050611132
           3.6400000000          0.0015491710
           3.6800000000          0.0066599736
           3.7200000000          0.0116684565
           3.7600000000          0.0112053840
           3.8000000000          0.0083219843
           3.8400000000          0.0042342501
           3.8800000000          0.0010031369
           3.9200000000          0.0014617905
           3.9600000000          0.0031601921
           4.0000000000          0.0042556507
           4.0400000000          0.0039448769
           4.0800000000          0.0018359731
           4.1200000000          0.0004041371
           4.1600000000          0.0005651643
           4.2000000000          0.0013601315
           4.2400000000          0.0019278543
           4.2800000000          0.0013521007
           4.3200000000          0.0004477516
           4.3600000000          0.0001684417
           4.4000000000          0.0003950928
           4.4400000000          0.0007522634
           4.4800000000          0.0006590447
           4.5200000000          0.0003014539
           4.5600000000          0.0001111689
           4.6000000000          0.0001507444
           4.6400000000          0.0002958249
           4.6800000000          0.0002792711
           4.7200000000          0.0001544075
           4.7600000000          0.0000712501
           4.8000000000          0.0000794152
           4.8400000000          0.0001284051
           4.8800000000          0.0001177449
           4.9200000000          0.0000731797
           4.9600000000          0.0000421126
           5.0000000000          0.0000470728
