 # Electron energy (eV)  cross-section (a.u.)
           1.0000000000          0.0000001465
           1.0400000000          0.0000001539
           1.0800000000          0.0000001628
           1.1200000000          0.0000001733
           1.1600000000          0.0000001858
           1.2000000000          0.0000002007
           1.2400000000          0.0000002185
           1.2800000000          0.0000002400
           1.3200000000          0.0000002661
           1.3600000000          0.0000002983
           1.4000000000          0.0000003383
           1.4400000000          0.0000003890
           1.4800000000          0.0000004543
           1.5200000000          0.0000005404
           1.5600000000          0.0000006567
           1.6000000000          0.0000008190
           1.6400000000          0.0000010539
           1.6800000000          0.0000014102
           1.7200000000          0.0000019830
           1.7600000000          0.0000029746
           1.8000000000          0.0000048613
           1.8400000000          0.0000089114
           1.8800000000          0.0000189601
           1.9200000000          0.0000471237
           1.9600000000          0.0001156952
           2.0000000000          0.0001910183
           2.0400000000          0.0002495048
           2.0800000000          0.0003940518
           2.1200000000          0.0008474290
           2.1600000000          0.0022955998
           2.2000000000          0.0054830460
           2.2400000000          0.0083605872
           2.2800000000          0.0115643220
           2.3200000000          0.0193695450
           2.3600000000          0.0405602964
           2.4000000000          0.0896058464
           2.4400000000          0.1354198972
           2.4800000000          0.1418829628
           2.5200000000          0.1580822204
           2.5600000000          0.2183082961
           2.6000000000          0.3534050660
           2.6400000000          0.4857938040
           2.6800000000          0.4166466817
           2.7200000000          0.3096050550
           2.7600000000          0.2650511285
           2.8000000000          0.2643384424
           2.8400000000          0.2434164610
           2.8800000000          0.1316284412
           2.9200000000          0.0413550820
           2.9600000000          0.0073775170
           3.0000000000          0.0023334676
           3.0400000000          0.0232932900
           3.0800000000          0.0588614854
           3.1200000000          0.0682974871
           3.1600000000          0.0643936690
           3.2000000000          0.0616658551
           3.2400000000          0.0549864717
           3.2800000000          0.0300247639
           3.3200000000          0.0064007135
           3.3600000000          0.0005675888
           3.4000000000          0.0047135213
           3.4400000000          0.0158110034
           3.4800000000          0.0256344822
           3.5200000000          0.0210133056
           3.5600000000          0.0123292897
           3.6000000000          0.0059498883
           3.6400000000          0.0015680643
           3.6800000000          0.0004747480
           3.7200000000          0.0026412236
           3.7600000000          0.0045277329
           3.8000000000          0.0054940100
           3.8400000000          0.0052368944
           3.8800000000          0.0028210287
           3.9200000000          0.0005247781
           3.9600000000          0.0001305618
           4.0000000000          0.0008053564
           4.0400000000          0.0018706502
           4.0800000000          0.0021105799
           4.1200000000          0.0011812736
           4.1600000000          0.0003782844
           4.2000000000          0.0000541352
           4.2400000000          0.0001896160
           4.2800000000          0.0005245867
           4.3200000000          0.0005550442
           4.3600000000          0.0003739484
           4.4000000000          0.0001640709
           4.4400000000          0.0000301987
           4.4800000000          0.0000662335
           4.5200000000          0.0001474824
           4.5600000000          0.0001702193
           4.6000000000          0.0001272368
           4.6400000000          0.0000431172
           4.6800000000          0.0000100238
           4.7200000000          0.0000338332
           4.7600000000          0.0000624392
           4.8000000000          0.0000621287
           4.8400000000          0.0000265481
           4.8800000000          0.0000046966
           4.9200000000          0.0000096088
           4.9600000000          0.0000236325
           5.0000000000          0.0000252108
