 # Electron energy (eV)  cross-section (a.u.)
           1.0000000000          0.0068749414
           1.0400000000          0.0060218943
           1.0800000000          0.0051706074
           1.1200000000          0.0043241154
           1.1600000000          0.0034900285
           1.2000000000          0.0026825192
           1.2400000000          0.0019253534
           1.2800000000          0.0012565349
           1.3200000000          0.0007354882
           1.3600000000          0.0004543157
           1.4000000000          0.0005557366
           1.4400000000          0.0012622488
           1.4800000000          0.0029246526
           1.5200000000          0.0061050105
           1.5600000000          0.0117230165
           1.6000000000          0.0213238886
           1.6400000000          0.0375901589
           1.6800000000          0.0653698659
           1.7200000000          0.1138679517
           1.7600000000          0.2016494997
           1.8000000000          0.3689789355
           1.8400000000          0.7105980078
           1.8800000000          1.4640805802
           1.9200000000          3.1636036966
           1.9600000000          5.8502549645
           2.0000000000          6.0327184173
           2.0400000000          3.8829736388
           2.0800000000          2.2616135452
           2.1200000000          1.3202210890
           2.1600000000          1.1033590555
           2.2000000000          2.2447838050
           2.2400000000          3.5127513567
           2.2800000000          3.8387793258
           2.3200000000          3.9281989676
           2.3600000000          3.9271167539
           2.4000000000          3.1587830489
           2.4400000000          1.4280894272
           2.4800000000          0.9101643053
           2.5200000000          1.4523350563
           2.5600000000          2.4561564869
           2.6000000000          3.6360418567
           2.6400000000          3.4635547968
           2.6800000000          1.5508382171
           2.7200000000          0.5527396977
           2.7600000000          0.5800849742
           2.8000000000          1.2928342375
           2.8400000000          2.2492612601
           2.8800000000          1.9184801686
           2.9200000000          0.9082298593
           2.9600000000          0.3870033577
           3.0000000000          0.3617368449
           3.0400000000          0.7870370833
           3.0800000000          1.1136479769
           3.1200000000          0.7974309037
           3.1600000000          0.4274924950
           3.2000000000          0.2417512435
           3.2400000000          0.2864647600
           3.2800000000          0.4830300017
           3.3200000000          0.4702480911
           3.3600000000          0.3240322911
           3.4000000000          0.2044252464
           3.4400000000          0.1635462022
           3.4800000000          0.2195535861
           3.5200000000          0.2445473786
           3.5600000000          0.2007995465
           3.6000000000          0.1474037928
           3.6400000000          0.1140391478
           3.6800000000          0.1202404240
           3.7200000000          0.1311861325
           3.7600000000          0.1183209238
           3.8000000000          0.0969392272
           3.8400000000          0.0792371663
           3.8800000000          0.0752562116
           3.9200000000          0.0767438593
           3.9600000000          0.0715820331
           4.0000000000          0.0626706387
           4.0400000000          0.0541204235
           4.0800000000          0.0500740115
           4.1200000000          0.0486665023
           4.1600000000          0.0456868709
           4.2000000000          0.0414538639
           4.2400000000          0.0372053563
           4.2800000000          0.0344769466
           4.3200000000          0.0327796154
           4.3600000000          0.0307891546
           4.4000000000          0.0284657680
           4.4400000000          0.0261746028
           4.4800000000          0.0244499782
           4.5200000000          0.0231002626
           4.5600000000          0.0217352773
           4.6000000000          0.0203165525
           4.6400000000          0.0189660659
           4.6800000000          0.0178515715
           4.7200000000          0.0168775185
           4.7600000000          0.0159358766
           4.8000000000          0.0150110914
           4.8400000000          0.0141532389
           4.8800000000          0.0134001675
           4.9200000000          0.0127095452
           4.9600000000          0.0120518656
           5.0000000000          0.0114233181
