 # Electron energy (eV)  cross-section (a.u.)
           1.0000000000          0.0000026018
           1.0400000000          0.0000024722
           1.0800000000          0.0000023573
           1.1200000000          0.0000022593
           1.1600000000          0.0000021820
           1.2000000000          0.0000021310
           1.2400000000          0.0000021150
           1.2800000000          0.0000021476
           1.3200000000          0.0000022505
           1.3600000000          0.0000024593
           1.4000000000          0.0000028361
           1.4400000000          0.0000034932
           1.4800000000          0.0000046434
           1.5200000000          0.0000067083
           1.5600000000          0.0000105619
           1.6000000000          0.0000180993
           1.6400000000          0.0000336359
           1.6800000000          0.0000675434
           1.7200000000          0.0001463491
           1.7600000000          0.0003430891
           1.8000000000          0.0008775371
           1.8400000000          0.0024850403
           1.8800000000          0.0079214872
           1.9200000000          0.0279912599
           1.9600000000          0.0903651946
           2.0000000000          0.1767556604
           2.0400000000          0.2415193062
           2.0800000000          0.3498668454
           2.1200000000          0.6101761360
           2.1600000000          1.2078011315
           2.2000000000          1.9400297697
           2.2400000000          1.8617853686
           2.2800000000          1.5308184070
           2.3200000000          1.4403981174
           2.3600000000          1.5867756431
           2.4000000000          1.6890730590
           2.4400000000          1.0767535974
           2.4800000000          0.3784725580
           2.5200000000          0.0913953905
           2.5600000000          0.0370766022
           2.6000000000          0.1850250887
           2.6400000000          0.5350440474
           2.6800000000          0.6691076186
           2.7200000000          0.5849229023
           2.7600000000          0.5022081267
           2.8000000000          0.4288660346
           2.8400000000          0.2719366760
           2.8800000000          0.0683534100
           2.9200000000          0.0224136586
           2.9600000000          0.0758618241
           3.0000000000          0.1797609130
           3.0400000000          0.3060395936
           3.0800000000          0.2902288268
           3.1200000000          0.1425666791
           3.1600000000          0.0467688864
           3.2000000000          0.0108226210
           3.2400000000          0.0266789441
           3.2800000000          0.0802912103
           3.3200000000          0.0936127064
           3.3600000000          0.0720674507
           3.4000000000          0.0460751023
           3.4400000000          0.0203567084
           3.4800000000          0.0065390417
           3.5200000000          0.0149623734
           3.5600000000          0.0257444451
           3.6000000000          0.0311845235
           3.6400000000          0.0285649018
           3.6800000000          0.0140812365
           3.7200000000          0.0033089537
           3.7600000000          0.0043160091
           3.8000000000          0.0100012512
           3.8400000000          0.0152310784
           3.8800000000          0.0126442825
           3.9200000000          0.0048144142
           3.9600000000          0.0014407055
           4.0000000000          0.0024155682
           4.0400000000          0.0055511498
           4.0800000000          0.0065148465
           4.1200000000          0.0037024490
           4.1600000000          0.0013795973
           4.2000000000          0.0008800520
           4.2400000000          0.0019199950
           4.2800000000          0.0027528101
           4.3200000000          0.0020115901
           4.3600000000          0.0010149760
           4.4000000000          0.0005623724
           4.4400000000          0.0008219920
           4.4800000000          0.0011685894
           4.5200000000          0.0009743450
           4.5600000000          0.0006041109
           4.6000000000          0.0003822345
           4.6400000000          0.0004462408
           4.6800000000          0.0005488804
           4.7200000000          0.0004764129
           4.7600000000          0.0003363250
           4.8000000000          0.0002482708
           4.8400000000          0.0002671598
           4.8800000000          0.0002845565
           4.9200000000          0.0002477071
           4.9600000000          0.0001907413
           5.0000000000          0.0001597718
