1.0000000000	0.0001056267
1.0400000000	0.0001000308
1.0800000000	0.0000941367
1.1200000000	0.0000878131
1.1600000000	0.0000809172
1.2000000000	0.0000732981
1.2400000000	0.0000648076
1.2800000000	0.0000553246
1.3200000000	0.0000448068
1.3600000000	0.0000333961
1.4000000000	0.0000216276
1.4400000000	0.0000108490
1.4800000000	0.0000040655
1.5200000000	0.0000076776
1.5600000000	0.0000351480
1.6000000000	0.0001150042
1.6400000000	0.0003090499
1.6800000000	0.0007559906
1.7200000000	0.0017826656
1.7600000000	0.0042099208
1.8000000000	0.0102731963
1.8400000000	0.0266911479
1.8800000000	0.0758429068
1.9200000000	0.2336820580
1.9600000000	0.6461289105
2.0000000000	1.0657663006
2.0400000000	1.2103879803
2.0800000000	1.4350174599
2.1200000000	2.0114619216
2.1600000000	3.1271100407
2.2000000000	3.8230156234
2.2400000000	2.6671737754
2.2800000000	1.4837094270
2.3200000000	0.8356058773
2.3600000000	0.4393780701
2.4000000000	0.1754963985
2.4400000000	0.2347174619
2.4800000000	0.4964423870
2.5200000000	0.7481761277
2.5600000000	1.0581639668
2.6000000000	1.4310744981
2.6400000000	1.3546384568
2.6800000000	0.6276676413
2.7200000000	0.1724001775
2.7600000000	0.0509942872
2.8000000000	0.1585790146
2.8400000000	0.4872729173
2.8800000000	0.6518603138
2.9200000000	0.4846702628
2.9600000000	0.2983222779
3.0000000000	0.1556996130
3.0400000000	0.0577898351
3.0800000000	0.0715478887
3.1200000000	0.1445617245
3.1600000000	0.1838684286
3.2000000000	0.1943008928
3.2400000000	0.1624763031
3.2800000000	0.0711788781
3.3200000000	0.0215228390
3.3600000000	0.0372515720
3.4000000000	0.0749125383
3.4400000000	0.1092845524
3.4800000000	0.0908857330
3.5200000000	0.0344800551
3.5600000000	0.0110161217
3.6000000000	0.0178035134
3.6400000000	0.0411673839
3.6800000000	0.0527740988
3.7200000000	0.0319629045
3.7600000000	0.0123517736
3.8000000000	0.0066282628
3.8400000000	0.0132870237
3.8800000000	0.0225893925
3.9200000000	0.0187262968
3.9600000000	0.0101213320
4.0000000000	0.0050734963
4.0400000000	0.0054978697
4.0800000000	0.0092866118
4.1200000000	0.0092475754
4.1600000000	0.0063287427
4.2000000000	0.0038094806
4.2400000000	0.0031967758
4.2800000000	0.0043317174
4.3200000000	0.0045257820
4.3600000000	0.0035788486
4.4000000000	0.0025238583
4.4400000000	0.0020946826
4.4800000000	0.0023591580
4.5200000000	0.0023790078
4.5600000000	0.0020217921
4.6000000000	0.0015886464
4.6400000000	0.0013862405
4.6800000000	0.0014152104
4.7200000000	0.0013623640
4.7600000000	0.0011952274
4.8000000000	0.0010086643
4.8400000000	0.0009203519
4.8800000000	0.0008938529
4.9200000000	0.0008376580
4.9600000000	0.0007486105
