#This file is for interaction region only, suitable for dynamics
#X in Bohr.  N2 neutral (in au)   N2 Anion (in au)    Gamma in eV
1.50000000 	 -108.792379525469 	 -108.639545830627 	  2.661509142739
1.60000000 	 -109.025804985292 	 -108.872572443141 	  2.635430148673
1.80000000 	 -109.274762586863 	 -109.129429525769 	  1.238522136589
1.90000000 	 -109.329564933483 	 -109.202278659686 	  0.715592682185
1.94000000 	 -109.342935735547 	 -109.223348338688 	  0.575552376022
1.96000000 	 -109.348056690794 	 -109.232413823051 	  0.516498925165
1.98000000 	 -109.352252749132 	 -109.240564231556 	  0.463920976158
2.00000000 	 -109.355587662219 	 -109.247864879771 	  0.417483629437
2.02000000 	 -109.358122467556 	 -109.254320363033 	  0.374811277421
2.04000000 	 -109.359916795312 	 -109.259996619085 	  0.336690621926
2.06000000 	 -109.361021508593 	 -109.264970868512 	  0.303546635299
2.06887298 	 -109.361304928658 	 -109.266938104535 	  0.289649165443
2.06900000 	 -109.361308168826 	 -109.266970092379 	  0.289556653106
2.08000000 	 -109.361489018305 	 -109.269247516651 	  0.273448040055
2.10000000 	 -109.361365482222 	 -109.272857914735 	  0.246779116454
2.12000000 	 -109.360696931059 	 -109.275905435806 	  0.223478268863
2.14000000 	 -109.359524611302 	 -109.278345124446 	  0.202835195398
2.16000000 	 -109.357887697115 	 -109.280166162498 	  0.184414403674
2.18000000 	 -109.355825242388 	 -109.281375141377 	  0.168430599648
2.20000000 	 -109.353370403979 	 -109.281938960456 	  0.154796945658
2.22000000 	 -109.350556696982 	 -109.282057000575 	  0.145487422709 #*
2.24000000 	 -109.347413716516 	 -109.282002629404 	  0.134470697841 #*
2.26000000 	 -109.343974541239 	 -109.282740174137 	  0.124472013864 #*
2.28000000 	 -109.340268866198 	 -109.283061291070 	  0.113910274579 #*
2.29000000 	 -109.339418711466 	 -109.281092345250 	  0.119467220568
2.30000000 	 -109.337413134711 	 -109.280626847715 	  0.111347555324
2.32000000 	 -109.333236710704 	 -109.279483280274 	  0.096947725532
2.34000000 	 -109.328861071150 	 -109.278092021707 	  0.084547177395
2.36000000 	 -109.324308508521 	 -109.276687968648 	  0.072974770830
2.38000000 	 -109.319597094713 	 -109.274876117604 	  0.063918164026
2.40000000 	 -109.314743053101 	 -109.272862799740 	  0.056071291467
2.50000000 	 -109.288864568671 	 -109.259975267880 	  0.030617291652
2.60000000 	 -109.261631365839 	 -109.244476677793 	  0.017729249809
2.70000000 	 -109.234336521111 	 -109.227994884646 	  0.010672669468
2.80000000 	 -109.207858040000 	 -109.210252190000 	  0.000000000000
2.90000000 	 -109.183422060000 	 -109.190783460000 	  0.000000000000
3.00000000 	 -109.160053210000 	 -109.174411850000 	  0.000000000000
3.10000000 	 -109.138779220000 	 -109.157173130000 	  0.000000000000
3.20000000 	 -109.119707030000 	 -109.141826790000 	  0.000000000000
3.30000000 	 -109.102882990000 	 -109.125406730000 	  0.000000000000
3.40000000 	 -109.088280560000 	 -109.112073600000 	  0.000000000000
3.50000000 	 -109.075805420000 	 -109.097874120000 	  0.000000000000
3.60000000 	 -109.065310330000 	 -109.085773950000 	  0.000000000000
3.70000000 	 -109.056580880000 	 -109.074756610000 	  0.000000000000
3.80000000 	 -109.049406030000 	 -109.064580860000 	  0.000000000000
3.90000000 	 -109.043484070000 	 -109.054883810000 	  0.000000000000
4.00000000 	 -109.038894060000 	 -109.047078260000 	  0.000000000000
4.20000000 	 -109.029678990000 	 -109.032778360000 	  0.000000000000
4.40000000 	 -109.025229756885 	 -109.020698176640 	  0.011231846720
4.60000000 	 -109.022272477373 	 -109.011394790611 	  0.014048869810
4.80000000 	 -109.020248751064 	 -109.003605399567 	  0.017330685465
5.00000000 	 -109.018769053673 	 -108.997289770584 	  0.021473630814
5.20000000 	 -109.017739633303 	 -108.992440739773 	  0.026078130404
5.40000000 	 -109.016982082040 	 -108.988607123440 	  0.030925888702
5.60000000 	 -109.016414039874 	 -108.985591767878 	  0.036072123839
5.80000000 	 -109.015991144773 	 -108.983434699897 	  0.040057226300
6.00000000 	 -109.015645646832 	 -108.981557423148 	  0.043844650258
6.20000000 	 -109.015382437678 	 -108.979913850624 	  0.049071888495
6.40000000 	 -109.015173806549 	 -108.978807152195 	  0.053030346305
6.60000000 	 -109.015009904258 	 -108.977970005110 	  0.056785102136
6.80000000 	 -109.014878149654 	 -108.977329459405 	  0.060299879592
7.00000000 	 -109.014772117568 	 -108.976852545956 	  0.063599047482
8.00000000 	 -109.014484090707 	 -108.976101991097 	  0.078062586101
9.00000000 	 -109.014372558441 	 -108.975903622396 	  0.089512617274